GOES 3                  
1 10953U 78062A   15195.47941462 -.00000107  00000-0  00000+0 0  9997
2 10953  14.1344 338.8667 0005975 157.7414 219.4173  1.00276855 88910
TDRS 3                  
1 19548U 88091B   15192.95998740 -.00000321  00000-0  00000+0 0  9998
2 19548  14.6444  15.7396 0033825 303.1648 254.1027  1.00272519 85325
LEASAT 5                
1 20410U 90002B   15195.52115552 -.00000097  00000-0  00000+0 0  9991
2 20410  11.2569  17.8568 0003623 175.1568 358.6503  1.00272069 78669
SKYNET 4C               
1 20776U 90079A   15193.25856213 -.00000056  00000-0  00000+0 0  9999
2 20776  13.3635  23.4731 0003126  95.1170 263.2039  1.00274648 90905
TDRS 5                  
1 21639U 91054B   15195.27450660  .00000067  00000-0  00000+0 0  9993
2 21639  13.7730  29.1764 0018655 335.5705 218.4337  1.00264408 87688
TDRS 6                  
1 22314U 93003B   15195.41880715 -.00000312  00000-0  00000+0 0  9998
2 22314  13.2466  32.0211 0000771 262.3389 102.4868  1.00268001 82369
INTELSAT 701 (IS-701)   
1 22871U 93066A   15194.39923512 -.00000237  00000-0  00000+0 0  9990
2 22871   2.8429  70.9669 0004091  29.3356 304.8568  1.00270933 79359
NATO 4B                 
1 22921U 93076A   15194.19540638  .00000111  00000-0  00000+0 0  9999
2 22921  11.6451  30.0489 0002167  94.8053 268.5856  1.00272431 79090
INTELSAT 702 (IS-702)   
1 23124U 94034A   15194.72263895  .00000131  00000-0  00000+0 0  9998
2 23124   3.1900  69.3559 0001674  65.7182  89.2403  1.00272620 91355
OPTUS B3                
1 23227U 94055A   15195.45338188 -.00000102  00000-0  00000+0 0  9993
2 23227   6.2424  55.7522 0002993  53.8725 149.7759  1.00271920 76428
ASTRA 1D                
1 23331U 94070A   15195.30360806 -.00000314  00000-0  00000+0 0  9997
2 23331   6.4270  54.8251 0001948 335.7407 311.3244  1.00426540 76158
BRASILSAT B2            
1 23536U 95016A   15193.05092705 -.00000307  00000-0  00000+0 0  9997
2 23536   6.0404  56.6718 0001909  51.5807 136.5054  1.00272895 74282
AMSC 1                  
1 23553U 95019A   15195.54266685 -.00000134  00000-0  00000+0 0  9993
2 23553   9.0989  46.5516 0003140  57.4953 280.0841  1.00271969 74169
TDRS 7                  
1 23613U 95035B   15195.51857815 -.00000220  00000-0  00000+0 0  9992
2 23613  14.5459  22.8471 0021700  25.2252 155.3412  1.00277425 73152
ECHOSTAR 1              
1 23754U 95073A   15194.38460455 -.00000261  00000-0  00000+0 0  9999
2 23754   0.0539 260.5342 0001860 217.5315 234.1549  1.00271652 71416
ABS-1A                  
1 23768U 96003A   15195.20841769 -.00000137  00000-0  00000+0 0  9993
2 23768   7.0994  52.9677 0004889  60.8727 250.1797  0.99801346 71371
INMARSAT 3-F1           
1 23839U 96020A   15195.00197490 -.00000012  00000-0  00000+0 0  9996
2 23839   2.6314  70.8617 0005050  40.8646 245.0098  1.00271887 70593
ASTRA 1F                
1 23842U 96021A   15194.64702176  .00000118  00000-0  00000+0 0  9999
2 23842   0.0784 296.9002 0003680 182.9072  88.8271  1.00273737 70410
MSAT M1                 
1 23846U 96022A   15195.34314247 -.00000109  00000-0  00000+0 0  9991
2 23846   6.6211  54.5285 0003476  82.2068 172.1612  1.00272605 70433
PALAPA C2               
1 23864U 96030A   15195.42281925 -.00000260  00000-0  00000+0 0  9993
2 23864   4.2774  63.6812 0000684  91.1829  75.3318  1.00270448 70160
INMARSAT 3-F2           
1 24307U 96053A   15193.82288154 -.00000144  00000-0  00000+0 0  9995
2 24307   1.1990  81.3486 0006206  18.6574 111.0902  1.00270971 68996
AMC-1 (GE-1)            
1 24315U 96054A   15194.46592329 -.00000078  00000-0  00000+0 0  9994
2 24315   0.1168  88.9073 0001385 290.5637 333.5236  1.00093347 68991
AFRICASAT-2 (MEASAT-2)  
1 24653U 96063B   15195.13854969 -.00000247  00000-0  00000+0 0  9993
2 24653   6.3423  55.3428 0005841 134.8652 299.3987  1.00269841 68343
EUTELSAT 48A            
1 24665U 96067A   15195.74385377  .00000095  00000-0  00000+0 0  9999
2 24665   5.1392  60.1506 0003658  57.0320 131.1122  1.00272439 68667
INMARSAT 3-F3           
1 24674U 96070A   15194.62129205  .00000018  00000-0  00000+0 0  9990
2 24674   2.0410  75.2559 0004760  22.0158 235.6702  1.00273924 67950
AMC-2 (GE-2)            
1 24713U 97002A   15194.39443910 -.00000250  00000-0  00000+0 0  9995
2 24713   3.0040  69.8838 0004802  39.5784 242.6267  1.00272171 18311
INTELSAT 26 (IS-26)     
1 24732U 97007A   15194.91302645 -.00000029  00000-0  00000+0 0  9992
2 24732   6.3108  55.6009 0003648  44.0456 226.2609  1.00271695 67288
GALAXY 25 (G-25)        
1 24812U 97026A   15193.34285206 -.00000181  00000-0  00000+0 0  9990
2 24812   0.0075 319.2595 0002635 147.6238 213.3475  1.00270887 66316
INMARSAT 3-F4           
1 24819U 97027A   15195.31343911 -.00000311  00000-0  00000+0 0  9990
2 24819   4.5160  61.9867 0005066  47.4305 241.3027  1.00271466 66355
SUPERBIRD-A3            
1 24880U 97036A   15194.30758899 -.00000157  00000-0  00000+0 0  9999
2 24880   5.4568  58.8185 0003888  68.9884  71.7644  1.00271045 65715
ABS-3                   
1 24901U 97042A   15195.34429228 -.00000051  00000-0  00000+0 0  9999
2 24901   3.5741  67.6909 0006063  68.5353 276.5957  1.00274879 65516
INTELSAT 5 (IS-5)       
1 24916U 97046A   15195.63850843 -.00000161  00000-0  00000+0 0  9994
2 24916   2.1625  74.7028 0005153  20.1498 224.2074  1.00271042 65612
METEOSAT-7              
1 24932U 97049B   15195.15089019  .00000031  00000-0  00000+0 0  9996
2 24932   9.7172  44.0229 0000256 211.9845 147.5054  1.00273101 65408
AMC-3 (GE-3)            
1 24936U 97050A   15195.24840186 -.00000293  00000-0  10000-3 0  9998
2 24936   0.0206 314.6205 0000923 200.7457 158.8289  1.00270198 65420
NSS-5                   
1 24957U 97053A   15194.82659870  .00000089  00000-0  00000+0 0  9992
2 24957   2.4661  73.0402 0002933  37.1902 169.1863  1.00271998 65218
ECHOSTAR 3              
1 25004U 97059A   15195.23746830 -.00000303  00000-0  10000-3 0  9996
2 25004   0.7150  82.7365 0001189 351.9290 240.8000  1.00271993 65125
JCSAT-1B                
1 25067U 97075A   15195.60057226 -.00000227  00000-0  00000+0 0  9998
2 25067   4.2941  63.4855 0003719  81.4763 153.3635  1.00271861 64532
ASTRA 1G                
1 25071U 97076A   15195.73243606  .00000029  00000-0  00000+0 0  9996
2 25071   0.8956  79.7765 0002967  34.9106 141.0743  1.00272599 64525
BRASILSAT B3            
1 25152U 98006A   15195.30838581 -.00000192  00000-0  00000+0 0  9997
2 25152   2.6723  72.1294 0002914  51.9224 186.8182  1.00272274 63919
INMARSAT 3-F5           
1 25153U 98006B   15195.09676831  .00000119  00000-0  00000+0 0  9990
2 25153   1.1799  73.1395 0004257  31.5277 246.4065  1.00274367 63901
NSS-806                 
1 25239U 98014A   15193.20663160 -.00000298  00000-0  00000+0 0  9995
2 25239   0.0480   9.5181 0005117  92.5936 214.5489  1.00270127 63616
CHINASAT 5A (ZX 5A)     
1 25354U 98033A   15194.46674302 -.00000287  00000-0  00000+0 0  9991
2 25354   0.0116 238.2406 0003321 238.5708 124.2085  1.00268209 67223
THOR III                
1 25358U 98035A   15194.80872531 -.00000063  00000-0  00000+0 0  9991
2 25358   4.1835  63.6789 0002044  72.1179  82.3850  1.00272444 62695
INTELSAT 805 (IS-805)   
1 25371U 98037A   15195.31413192 -.00000306  00000-0  10000-3 0  9994
2 25371   0.0473 256.1417 0002196 247.4206 205.8510  1.00271729 62540
ASTRA 2A                
1 25462U 98050A   15194.93483110  .00000130  00000-0  00000+0 0  9993
2 25462   0.0607 137.6206 0004709 351.1053 167.4616  1.00273750 61741
INTELSAT 7 (IS-7)       
1 25473U 98052A   15195.33783748 -.00000165  00000-0  00000+0 0  9991
2 25473   1.7469  77.7444 0003593  66.9374 250.6133  1.00271667 61623
SIRIUS 3                
1 25492U 98056B   15194.09977694  .00000080  00000-0  00000+0 0  9998
2 25492   5.2807  59.5448 0001362  12.9869 305.2503  1.00274141 61463
AFRISTAR                
1 25515U 98063A   15194.85244061  .00000105  00000-0  00000+0 0  9999
2 25515   1.9338  71.0618 0004455  37.0246 151.1614  1.00274300 61112
INTELSAT 8 (IS-8)       
1 25522U 98065A   15195.57215041 -.00000051  00000-0  00000+0 0  9996
2 25522   0.0493 251.6738 0002646 225.7575 189.6339  1.00271749 61116
EUTELSAT 115 WEST A     
1 25558U 98070A   15194.87604485 -.00000047  00000-0  10000-3 0  9997
2 25558   1.7512  77.3652 0002893  39.6846  14.8189  1.00271520 61029
JCSAT-4A                
1 25630U 99006A   15195.70492081 -.00000176  00000-0  00000+0 0  9996
2 25630   0.8572  83.6779 0001473  40.8851 143.3764  1.00271438 59986
SKYNET 4E               
1 25639U 99009B   15195.27738324  .00000003  00000-0  00000+0 0  9991
2 25639   9.3923  34.3790 0003296  43.3364 320.0402  1.00267527 60009
ASIASAT 3S              
1 25657U 99013A   15193.75891859 -.00000369  00000-0  00000+0 0  9996
2 25657   1.0909  81.8733 0006405 327.4652 275.0812  1.00523055 59785
ASTRA 1H                
1 25785U 99033A   15195.17761076 -.00000302  00000-0  00000+0 0  9992
2 25785   2.4512  73.2659 0002976 342.5497 252.0797  1.00267736 58763
TELKOM 1                
1 25880U 99042A   15194.00209002 -.00000364  00000-0  00000+0 0  9993
2 25880   0.0082  90.1903 0000444  33.5811 275.5377  1.00271811 58336
ABS-7                   
1 25894U 99046A   15195.58154218 -.00000382  00000-0  00000+0 0  9994
2 25894   0.0037 301.6494 0002026 157.9692 157.9539  1.00271046 57143
GALAXY 27 (G-27)        
1 25922U 99052A   15195.01257461 -.00000026  00000-0  00000+0 0  9990
2 25922   1.8239  76.6391 0009605  38.6048 247.0456  1.00272571 57865
ABS-6                   
1 25924U 99053A   15193.42428532 -.00000139  00000-0  00000+0 0  9990
2 25924   0.0186   2.6241 0003067  86.7141 152.4166  1.00271046 57847
TELSTAR 12 (ORION 2)    
1 25949U 99059A   15193.82288154 -.00000139  00000-0  00000+0 0  9991
2 25949   0.0282 263.3598 0002866 221.3798  86.8619  1.00271190 57510
AMC-4 (GE-4)            
1 25954U 99060A   15195.41862275 -.00000293  00000-0  10000-3 0  9994
2 25954   0.0222  48.9195 0002374  67.3963 259.3189  1.00270001 57470
GALAXY 11 (G-11)        
1 26038U 99071A   15195.31125443 -.00000306  00000-0  10000-3 0  9993
2 26038   0.0635 245.0701 0000632 324.6823 138.5418  1.00271698 57087
HISPASAT 1C             
1 26071U 00007A   15195.40805091 -.00000232  00000-0  00000+0 0  9998
2 26071   0.0264  28.6084 0001736 103.2438 223.1412  1.00273081 56611
SUPERBIRD-B2            
1 26095U 00012A   15194.62448983 -.00000113  00000-0  00000+0 0  9994
2 26095   0.0335 233.4772 0001560 235.0996 209.3934  1.00271202 56410
EXPRESS-A2              
1 26098U 00013A   15195.45122657 -.00000272  00000-0  10000-3 0  9998
2 26098   7.9034  50.1681 0019745 105.3754  83.8980  1.00275095 56154
ASIASTAR                
1 26107U 00016A   15195.77049360 -.00000352  00000-0  00000+0 0  9990
2 26107   0.2389  70.7666 0003960  44.5717 199.3273  1.00273385 56136
EUTELSAT 16C            
1 26243U 00019A   15193.10383020  .00000072  00000-0  00000+0 0  9991
2 26243   2.9145  70.0998 0002686  50.1483 221.2599  1.00270274 55762
EUTELSAT 36A            
1 26369U 00028A   15194.72033424  .00000135  00000-0  00000+0 0  9999
2 26369   0.0647   1.3596 0003699 112.9343 112.4116  1.00275874 55458
TDRS 8                  
1 26388U 00034A   15194.94532184 -.00000248  00000-0  00000+0 0  9994
2 26388   6.2535  62.4986 0002794  56.7870 241.6546  1.00268930 55142
ECHOSTAR 6              
1 26402U 00038A   15194.59722314 -.00000168  00000-0  00000+0 0  9993
2 26402   2.8323  71.0208 0000932  84.9203 253.9844  1.00271292 54897
INTELSAT 9 (IS-9)       
1 26451U 00043A   15195.17538015 -.00000292  00000-0  00000+0 0  9999
2 26451   2.1471  75.0256 0002304  27.2783 209.4134  1.00269833 54822
BRASILSAT B4            
1 26469U 00046A   15195.40805394 -.00000231  00000-0  10000-3 0  9992
2 26469   0.2180  94.0085 0001859  15.0491 245.7961  1.00271620 54618
NILESAT 102             
1 26470U 00046B   15195.09695514 -.00000078  00000-0  00000+0 0  9994
2 26470   0.2279  83.7499 0003259  53.8187 181.9969  1.00270917 54618
ASTRA 2B                
1 26494U 00054A   15195.14756471  .00000133  00000-0  00000+0 0  9996
2 26494   0.7785  79.8194 0002891  37.6796 258.6394  1.00271928 54220
AMC-7 (GE-7)            
1 26495U 00054B   15195.68183954  .00000068  00000-0  00000+0 0  9993
2 26495   0.0282  45.8878 0000820 122.1862 234.5880  1.00272472 54242
NSS-11 (AAP-1)          
1 26554U 00059A   15194.76953381 -.00000365  00000-0  10000-3 0  9997
2 26554   0.0424 289.6801 0002309 197.7565 189.0883  1.00270004 54170
N-SAT-110 (JCSAT-110)   
1 26559U 00060A   15192.97691353 -.00000370  00000-0  10000-3 0  9999
2 26559   0.0069 324.0214 0000361 311.4893 115.7909  1.00270558 54097
AMC-6 (GE-6)            
1 26580U 00067A   15195.24284723 -.00000279  00000-0  00000+0 0  9995
2 26580   0.0325 317.5608 0002246 148.5000 201.1408  1.00272153 53965
INTELSAT 12 (IS-12)     
1 26590U 00068A   15193.04950536  .00000118  00000-0  00000+0 0  9996
2 26590   0.0519 265.3622 0002524 212.1203 234.9482  1.00271993 53764
INTELSAT 1R (IS-1R)     
1 26608U 00072A   15195.31599839 -.00000302  00000-0  00000+0 0  9994
2 26608   0.0503 244.6185 0000545 109.2414   1.7714  1.00271521 53655
ANIK F1                 
1 26624U 00076A   15193.35338503 -.00000093  00000-0  00000+0 0  9994
2 26624   0.0269 283.3243 0000747 299.4074  87.0826  1.00271508 53695
ASTRA 2D                
1 26638U 00081A   15194.26638053  .00000012  00000-0  00000+0 0  9999
2 26638   2.2917  73.4889 0000990  49.5036 268.9364  1.00270944 53410
AMC-8 (GE-8)            
1 26639U 00081B   15194.46891556  .00000085  00000-0  00000+0 0  9991
2 26639   0.0152 343.3094 0001526 148.9173 188.5608  1.00270603 53271
TURKSAT 2A              
1 26666U 01002A   15195.88147339  .00000126  00000-0  10000-3 0  9996
2 26666   0.0487   5.6762 0004096  87.9414 198.0851  1.00271115 53148
SKYNET 4F               
1 26695U 01005B   15194.91670487 -.00000268  00000-0  00000+0 0  9992
2 26695   7.9957  42.0013 0002010  70.6449 114.8538  1.00273822 52855
EUTELSAT 28A            
1 26719U 01011A   15195.14917603  .00000135  00000-0  00000+0 0  9998
2 26719   0.0684  22.3600 0003517  83.5236 272.5989  1.00268702 52567
XM-1 (ROLL)             
1 26761U 01018A   15194.88412545 -.00000043  00000-0  10000-3 0  9991
2 26761   0.1513 244.3045 0004091  25.5691 224.5848  1.00272337 52003
INTELSAT 10 (IS-10)     
1 26766U 01019A   15194.76614991  .00000107  00000-0  00000+0 0  9998
2 26766   0.0611  82.1863 0002320  43.2471 129.1868  1.00273066 51908
INTELSAT 901 (IS-901)   
1 26824U 01024A   15194.77507163 -.00000161  00000-0  00000+0 0  9993
2 26824   0.0262 309.7265 0002451 174.3573  68.2494  1.00271220 51608
ASTRA 2C                
1 26853U 01025A   15191.70224610  .00000132  00000-0  00000+0 0  9996
2 26853   0.0454 303.9195 0000842 101.3472 164.0279  1.00273525 51551
ARTEMIS                 
1 26863U 01029A   15194.25924932  .00000087  00000-0  00000+0 0  9997
2 26863  11.8720  40.7482 0002760 139.4184 225.4383  1.00277119 52378
INTELSAT 902 (IS-902)   
1 26900U 01039A   15195.01445065  .00000012  00000-0  00000+0 0  9998
2 26900   0.0119  39.4660 0002792  82.3998 236.8927  1.00273505 50754
EUTELSAT 8 WEST A       
1 26927U 01042A   15194.78476128 -.00000086  00000-0  00000+0 0  9990
2 26927   0.0532 347.6320 0004539 126.7009  91.4385  1.00272812 50502
DIRECTV 4S              
1 26985U 01052A   15195.08461199 -.00000134  00000-0  00000+0 0  9995
2 26985   0.0225  44.3965 0000902  41.3371 135.1807  1.00272555 49973
INSAT-3C                
1 27298U 02002A   15194.88154748 -.00000097  00000-0  00000+0 0  9993
2 27298   0.0879 278.2549 0004993 227.9891 176.5419  1.00272278 49335
ECHOSTAR 7              
1 27378U 02006A   15194.83718238 -.00000021  00000-0  00000+0 0  9998
2 27378   0.0313 309.1765 0001220 257.1197 267.6451  1.00272521 49042
INTELSAT 904 (IS-904)   
1 27380U 02007A   15194.89904086  .00000029  00000-0  00000+0 0  9993
2 27380   0.0510 282.9574 0003027 199.4968 192.6320  1.00273043 49076
TDRS 9                  
1 27389U 02011A   15195.28442744 -.00000121  00000-0  00000+0 0  9993
2 27389   3.8054  89.9969 0012714 226.3929  65.6217  1.00270231 50423
JCSAT-2A                
1 27399U 02015A   15195.45313031 -.00000186  00000-0  00000+0 0  9994
2 27399   0.0102  30.9884 0001830  88.3225 129.7734  1.00270278 48638
ASTRA 3A                
1 27400U 02015B   15195.51137025  .00000049  00000-0  00000+0 0  9998
2 27400   2.4674  72.3420 0000775  47.7857 179.1775  1.00274714 48705
INTELSAT 903 (IS-903)   
1 27403U 02016A   15195.86349536 -.00000259  00000-0  00000+0 0  9996
2 27403   0.0194  11.0386 0003060 108.1850  89.5117  1.00270933 48630
NSS-7                   
1 27414U 02019A   15195.31671495 -.00000176  00000-0  00000+0 0  9991
2 27414   0.4443  87.6247 0002813  14.2435 283.9894  1.00270983 48579
DIRECTV 5 (TEMPO 1)     
1 27426U 02023A   15195.01075249 -.00000076  00000-0  00000+0 0  9990
2 27426   0.0116  70.3289 0002911  44.9537  70.0245  1.00272524 48299
INTELSAT 905 (IS-905)   
1 27438U 02027A   15194.39892547 -.00000204  00000-0  00000+0 0  9998
2 27438   0.0341 286.0083 0002226 184.5239 299.5351  1.00271930 47968
EXPRESS-A4              
1 27441U 02029A   15195.34493677 -.00000139  00000-0  00000+0 0  9998
2 27441   4.8293  61.4408 0004594  87.0667 253.5360  1.00270386 47940
GALAXY 3C (G-3C)        
1 27445U 02030A   15194.31453076 -.00000171  00000-0  00000+0 0  9995
2 27445   0.0141  91.1632 0002117 126.2188  91.6512  1.00271735 47923
EUTELSAT 5 WEST A       
1 27460U 02035A   15195.02985685 -.00000063  00000-0  00000+0 0  9992
2 27460   0.0510  40.1943 0004801  70.1893 186.9000  1.00272216 47724
N-STAR C                
1 27461U 02035B   15195.65061075 -.00000331  00000-0  00000+0 0  9998
2 27461   3.3021  69.1550 0001451   4.6534 228.5885  1.00270353 47662
EUTELSAT 8 WEST C       
1 27499U 02038A   15195.09740645 -.00000082  00000-0  00000+0 0  9990
2 27499   0.0583 320.3435 0003099 155.3458 203.5397  1.00273031 47198
ECHOSTAR 8              
1 27501U 02039A   15194.38460541 -.00000262  00000-0  00000+0 0  9990
2 27501   0.0296  84.0587 0002316  33.0970 235.3372  1.00271557 47240
EUTELSAT 12 WEST A      
1 27508U 02040A   15195.36978353 -.00000121  00000-0  00000+0 0  9997
2 27508   0.0649 353.4969 0003386 150.0307 269.0030  1.00270982 47233
METEOSAT-8 (MSG-1)      
1 27509U 02040B   15195.09372174 -.00000002  00000-0  00000+0 0  9995
2 27509   3.5885  61.0197 0000609 116.1702 151.7646  1.00274749 47231
INTELSAT 906 (IS-906)   
1 27513U 02041A   15194.84081921 -.00000005  00000-0  00000+0 0  9993
2 27513   0.0194 324.8904 0003137 150.1639 183.1609  1.00272223 46965
KODAMA (DRTS)           
1 27516U 02042B   15194.83556655 -.00000260  00000-0  00000+0 0  9990
2 27516   3.7415  66.4348 0002104  44.2037 212.2890  1.00271773 47048
KALPANA-1 (METSAT 1)    
1 27525U 02043A   15195.00426405 -.00000104  00000-0  00000+0 0  9997
2 27525   5.1286  60.2620 0010791 213.2925  93.4907  1.00273318 47012
HISPASAT 1D             
1 27528U 02044A   15195.78851001 -.00000237  00000-0  00000+0 0  9997
2 27528   0.0341 309.9474 0002262 168.4114  67.8124  1.00270828 46935
EUTELSAT 33B            
1 27554U 02051A   15194.88219698  .00000135  00000-0  00000+0 0  9990
2 27554   0.0451  99.7085 0000664  83.8980  98.4443  1.00271146 46346
TDRS 10                 
1 27566U 02055A   15195.54873765  .00000059  00000-0  00000+0 0  9997
2 27566   3.7841  61.6502 0003930 205.8997  47.7768  1.00265881 46219
NSS-6                   
1 27603U 02057A   15195.29081344 -.00000289  00000-0  10000-3 0  9998
2 27603   0.0095  47.0411 0001187 114.6138 329.8473  1.00271494 46107
NIMIQ 2                 
1 27632U 02062A   15195.31634142 -.00000266  00000-0  00000+0 0  9999
2 27632   0.5485  85.4641 0002752  14.3585 269.9068  1.00270442 45890
INTELSAT 907 (IS-907)   
1 27683U 03007A   15195.11072152 -.00000223  00000-0  00000+0 0  9993
2 27683   0.0217  64.5652 0002707  44.7517 194.6822  1.00270955 45370
INSAT-3A                
1 27714U 03013A   15194.76005409 -.00000278  00000-0  00000+0 0  9996
2 27714   0.0351 284.0216 0006066 174.6144 199.7782  1.00271629 44920
GALAXY 12 (G-12)        
1 27715U 03013B   15195.68572843  .00000039  00000-0  00000+0 0  9994
2 27715   0.0608 244.4255 0002079 263.3571 262.2893  1.00271443 44999
ASIASAT 4               
1 27718U 03014A   15195.82290426 -.00000380  00000-0  00000+0 0  9998
2 27718   0.0204  70.8191 0000770 156.4258 123.4697  1.00273200 44919
HELLAS-SAT 2            
1 27811U 03020A   15195.80570600  .00000132  00000-0  00000+0 0  9996
2 27811   0.0085  48.4207 0004094  64.4351 148.5055  1.00273602 44354
AMC-9 (GE-12)           
1 27820U 03024A   15195.24555034 -.00000236  00000-0  00000+0 0  9998
2 27820   0.0127  10.0951 0003563 108.7062 178.3571  1.00270321 44318
THURAYA-2               
1 27825U 03026A   15195.08314846  .00000111  00000-0  10000-3 0  9997
2 27825   4.2824  25.8379 0004359  87.1589 252.5887  1.00273674 44330
OPTUS C1                
1 27831U 03028B   15195.63881505 -.00000167  00000-0  00000+0 0  9995
2 27831   0.0422 183.0970 0003404 312.2122 182.8368  1.00272224 44300
ECHOSTAR 12 (RAINBOW 1) 
1 27852U 03033A   15195.83209729 -.00000302  00000-0  00000+0 0  9999
2 27852   0.0429 285.6029 0001365 162.3435  82.6282  1.00271499 43976
GALAXY 23 (G-23)        
1 27854U 03034A   15194.24292060 -.00000007  00000-0  00000+0 0  9998
2 27854   0.0066   7.1900 0002705 113.0964 136.9777  1.00273030 43592
EUTELSAT 33A            
1 27948U 03043A   15195.14756471  .00000133  00000-0  00000+0 0  9992
2 27948   0.9659  80.6402 0000685 175.9743 118.9913  1.00274634 43316
GALAXY 13 (HORIZONS-1)  
1 27954U 03044A   15193.25817653  .00000029  00000-0  00000+0 0  9994
2 27954   0.0125  51.1323 0000877  37.9840 166.6376  1.00272789 43137
YAMAL 202               
1 28089U 03053A   15195.67795668  .00000099  00000-0  00000+0 0  9990
2 28089   0.0067 315.4673 0003281 174.6534  95.1951  1.00275025 42665
AMOS-2                  
1 28132U 03059A   15195.09602889 -.00000054  00000-0  00000+0 0  9995
2 28132   0.0144  55.8675 0002445  62.2844 204.0648  1.00273249 42361
EXPRESS-AM22 (SESAT 2)  
1 28134U 03060A   15194.72205353 -.00000080  00000-0  00000+0 0  9992
2 28134   0.0464 211.1396 0007120  94.7403 307.4272  1.00703993 42265
AMC-10 (GE-10)          
1 28154U 04003A   15195.65832567  .00000068  00000-0  00000+0 0  9993
2 28154   0.0379 302.3056 0002350 163.4680 288.4149  1.00272984 41923
ABS-2I                  
1 28184U 04007A   15193.93794784  .00000022  00000-0  00000+0 0  9997
2 28184   0.0213 210.1148 0001245 327.4212 151.5790  1.00272301 41550
EUTELSAT 7A             
1 28187U 04008A   15195.03372938  .00000027  00000-0  00000+0 0  9992
2 28187   0.0649 347.2376 0005681 158.8904 164.5454  1.00271360 41558
DIRECTV 7S              
1 28238U 04016A   15194.84271175 -.00000019  00000-0  00000+0 0  9999
2 28238   0.0428 306.9679 0002512 174.0553 354.6611  1.00272797 41055
AMC-11 (GE-11)          
1 28252U 04017A   15195.68931266  .00000049  00000-0  00000+0 0  9995
2 28252   0.0366 303.6044 0001889 183.1404 282.6022  1.00272045 40741
INTELSAT 10-02          
1 28358U 04022A   15195.02940556 -.00000031  00000-0  00000+0 0  9990
2 28358   0.0189  80.8568 0002820  85.0601 135.2462  1.00272757 40607
APSTAR 5 (TELSTAR 18)   
1 28364U 04024A   15195.64869299 -.00000314  00000-0  00000+0 0  9995
2 28364   0.0235  70.3654 0002639  53.6063 179.7258  1.00269919 40542
ANIK F2                 
1 28378U 04027A   15194.36068993 -.00000069  00000-0  00000+0 0  9990
2 28378   0.0201  28.5426 0005068 169.4974 111.5879  1.00272533 40323
AMAZONAS 1              
1 28393U 04031A   15195.17851362 -.00000306  00000-0  00000+0 0  9996
2 28393   0.3023  87.0451 0001839  37.9130 175.6036  1.00269654 40100
AMC-15                  
1 28446U 04041A   15195.61362567 -.00000109  00000-0  00000+0 0  9990
2 28446   0.0209 345.2559 0001869 138.9333 283.7956  1.00271726 39372
AMC-16                  
1 28472U 04048A   15194.31479758 -.00000226  00000-0  00000+0 0  9993
2 28472   0.0293 321.2834 0002104 149.5543 208.3569  1.00270990 38787
NSS-10 (AMC-12)         
1 28526U 05003A   15194.31601725 -.00000270  00000-0  00000+0 0  9995
2 28526   0.0188  17.0574 0002776 106.1236 244.0447  1.00272213 38292
XTAR-EUR                
1 28542U 05005A   15195.19606469  .00000131  00000-0  00000+0 0  9997
2 28542   0.0671 265.8044 0001716 216.0026 269.4954  1.00271761 38160
HIMAWARI-6 (MTSAT-1R)   
1 28622U 05006A   15195.57508270 -.00000302  00000-0  00000+0 0  9991
2 28622   0.2558  87.4035 0002439  18.1664 173.4700  1.00268659 37990
XM-3 (RHYTHM)           
1 28626U 05008A   15195.31507602 -.00000225  00000-0  00000+0 0  9991
2 28626   0.0123 205.6801 0000248 117.3704 357.1233  1.00270109 38040
INMARSAT 4-F1           
1 28628U 05009A   15195.59423082 -.00000281  00000-0  00000+0 0  9995
2 28628   2.7692   2.1926 0002627 117.9369 169.4219  1.00272535 37666
EXPRESS-AM2             
1 28629U 05010A   15194.85643203 -.00000157  00000-0  00000+0 0  9997
2 28629   0.8990  83.4199 0002058 194.2365  42.0554  1.00271668 37689
APSTAR 6                
1 28638U 05012A   15195.45265007 -.00000338  00000-0  00000+0 0  9999
2 28638   0.0330  73.7374 0002447  39.5195 115.6749  1.00269490 62399
SPACEWAY 1              
1 28644U 05015A   15193.34944424 -.00000122  00000-0  00000+0 0  9993
2 28644   0.0417 220.8320 0000315 156.9618 295.0079  1.00272774 37473
DIRECTV 8               
1 28659U 05019A   15194.37163852 -.00000134  00000-0  00000+0 0  9998
2 28659   0.0135 340.0786 0002860 160.5175 183.2378  1.00264776 37151
GALAXY 28 (G-28)        
1 28702U 05022A   15195.31496929 -.00000205  00000-0  00000+0 0  9999
2 28702   0.0119 353.8662 0001204  11.6205 310.7386  1.00270165 36826
EXPRESS-AM3             
1 28707U 05023A   15195.30254028 -.00000341  00000-0  00000+0 0  9997
2 28707   0.0470 231.1045 0000449  16.3208 256.3012  1.00268681 36831
THAICOM 4               
1 28786U 05028A   15194.71686133 -.00000382  00000-0  00000+0 0  9994
2 28786   0.0167  24.4419 0002079  91.4196 192.9414  1.00272427 36317
GALAXY 14 (G-14)        
1 28790U 05030A   15195.37844113  .00000016  00000-0  00000+0 0  9992
2 28790   0.0312 310.6671 0002232 169.2692 183.2013  1.00272958 36294
ANIK F1R                
1 28868U 05036A   15194.92193475 -.00000094  00000-0  00000+0 0  9999
2 28868   0.0299 153.2113 0002385 339.6248  23.2130  1.00272231 36135
GALAXY 15 (G-15)        
1 28884U 05041A   15194.49686961  .00000059  00000-0  00000+0 0  9992
2 28884   0.0456 283.5075 0000770 182.4071 231.0090  1.00273033 35602
SYRACUSE 3A             
1 28885U 05041B   15194.12354297  .00000109  00000-0  00000+0 0  9993
2 28885   0.0264  70.0256 0001340  32.7979 279.3047  1.00273093 35724
INMARSAT 4-F2           
1 28899U 05044A   15193.19096126  .00000117  00000-0  00000+0 0  9990
2 28899   2.4443   1.8441 0002934 119.7691 261.9658  1.00273752 35478
TELKOM 2                
1 28902U 05046A   15194.87659711 -.00000383  00000-0  00000+0 0  9994
2 28902   0.0218 132.3936 0000910 359.0691 233.5258  1.00273359 35279
SPACEWAY 2              
1 28903U 05046B   15195.27169778 -.00000147  00000-0  00000+0 0  9997
2 28903   0.0093 263.9153 0000378 317.2863  69.3186  1.00271819 35474
INSAT-4A                
1 28911U 05049A   15194.86357672 -.00000185  00000-0  00000+0 0  9997
2 28911   0.0551 266.6683 0003026 327.6331  90.9743  1.00271895 35066
METEOSAT-9 (MSG-2)      
1 28912U 05049B   15195.20328993  .00000043  00000-0  00000+0 0  9993
2 28912   0.8680  58.8915 0001444 177.1590 138.1811  1.00276596 35068
EUTELSAT 172A (GE-23)   
1 28924U 05052A   15195.61803867 -.00000026  00000-0  00000+0 0  9995
2 28924   0.0658 343.4300 0005150 132.7762 210.4321  1.00273089 34967
ECHOSTAR 10             
1 28935U 06003A   15194.36008560 -.00000075  00000-0  00000+0 0  9996
2 28935   0.0181 343.8205 0000776 171.4414 155.0522  1.00271243 34485
HIMAWARI-7 (MTSAT-2)    
1 28937U 06004A   15193.92638214 -.00000263  00000-0  00000+0 0  9994
2 28937   0.0368 251.5602 0004107 210.1358 307.2828  1.00270904 34337
SPAINSAT                
1 28945U 06007A   15193.14711748 -.00000235  00000-0  00000+0 0  9993
2 28945   0.0435 220.5663 0004123 282.8524 169.2603  1.00270359 34198
EUTELSAT 9A             
1 28946U 06007B   15195.20328993  .00000041  00000-0  10000-3 0  9998
2 28946   0.0218  37.5380 0002908 101.9221 234.4391  1.00270054 34296
JCSAT-5A                
1 29045U 06010A   15194.70430345 -.00000348  00000-0  00000+0 0  9998
2 29045   0.0304 298.9649 0001271 159.9523 217.9125  1.00271224 33913
ASTRA 1KR               
1 29055U 06012A   15194.96229846  .00000100  00000-0  00000+0 0  9996
2 29055   0.0159 320.1076 0002118 204.6662 132.3297  1.00273319 33745
GOES 13                 
1 29155U 06018A   15195.35774244 -.00000271  00000-0  00000+0 0  9994
2 29155   0.1186 260.7775 0003770 211.6085 233.6599  1.00273160 33490
EUTELSAT 113 WEST A     
1 29162U 06020A   15194.60694650 -.00000057  00000-0  00000+0 0  9996
2 29162   0.0124 110.6884 0002816   5.7303 280.2320  1.00272048 33458
THAICOM 5               
1 29163U 06020B   15195.79822973 -.00000141  00000-0  00000+0 0  9993
2 29163   0.0539 264.6669 0003084 264.1611 129.3428  1.00273145 33519
GALAXY 16 (G-16)        
1 29236U 06023A   15195.46843838 -.00000147  00000-0  00000+0 0  9990
2 29236   0.0496 224.2414 0002851 253.2505 244.1351  1.00271527 33258
EUTELSAT HOT BIRD 13B   
1 29270U 06032A   15194.77350459  .00000066  00000-0  00000+0 0  9992
2 29270   0.0635 345.7603 0002835 114.2538 122.7223  1.00270598 32833
JCSAT-3A                
1 29272U 06033A   15195.38749947 -.00000365  00000-0  00000+0 0  9990
2 29272   0.0212 318.4877 0001552 160.9220  80.0097  1.00271573 32746
SYRACUSE 3B             
1 29273U 06033B   15195.02985685 -.00000064  00000-0  00000+0 0  9999
2 29273   0.0155  64.5219 0002338  48.9061 183.6731  1.00271590 32725
KOREASAT 5 (MUGUNGWHA 5)
1 29349U 06034A   15194.81843699 -.00000378  00000-0  00000+0 0  9996
2 29349   0.0303  76.7670 0001032  80.0767 182.2080  1.00271954 32614
ZHONGXING-22A           
1 29398U 06038A   15195.73293765 -.00000338  00000-0  00000+0 0  9995
2 29398   4.5386  62.4853 0006293  87.5678 147.5242  1.00269042 32406
DIRECTV 9S              
1 29494U 06043A   15195.56553010 -.00000134  00000-0  00000+0 0  9995
2 29494   0.0182  50.9674 0002910  64.9761 278.6627  1.00270231 32095
OPTUS D1                
1 29495U 06043B   15195.61392410 -.00000131  00000-0  00000+0 0  9994
2 29495   0.0545 291.9016 0003000 185.3374 195.9140  1.00271508 32128
XM-4 (BLUES)            
1 29520U 06049A   15194.36281656 -.00000043  00000-0  00000+0 0  9991
2 29520   0.0204 158.3941 0000551 229.9765 277.9652  1.00273882 31966
BADR-4                  
1 29526U 06051A   15195.85471472  .00000125  00000-0  00000+0 0  9992
2 29526   0.0477 339.5556 0001466 100.5424 185.9749  1.00274485 31876
FENGYUN 2D              
1 29640U 06053A   15195.06794824 -.00000348  00000-0  10000-3 0  9996
2 29640   3.1355  68.1151 0001093 104.4205 241.1553  1.00531418 31537
WILDBLUE-1              
1 29643U 06054A   15195.37304148 -.00000069  00000-0  00000+0 0  9995
2 29643   0.0147  81.9509 0001542  42.0112 191.0589  1.00271500 31522
AMC-18                  
1 29644U 06054B   15194.48821043 -.00000109  00000-0  00000+0 0  9990
2 29644   0.0179 359.6464 0002599 107.9798 254.1997  1.00271037 31537
MEASAT-3                
1 29648U 06056A   15195.06826100 -.00000262  00000-0  00000+0 0  9990
2 29648   0.0477 139.1002 0003682   0.5005 268.0781  1.00271346 31554
KIKU-8 (ETS-VIII)       
1 29656U 06059A   15194.93226686 -.00000263  00000-0  00000+0 0  9991
2 29656   4.2777  63.7047 0005721  43.5208 305.5524  1.00270704 31415
INSAT-4B                
1 30793U 07007A   15193.82171288 -.00000277  00000-0  00000+0 0  9998
2 30793   0.0108 334.9061 0001670 205.5654 139.1825  1.00269705 30541
SKYNET 5A               
1 30794U 07007B   15194.19037133  .00000101  00000-0  00000+0 0  9995
2 30794   0.0685   9.3833 0003912 114.1002 275.2411  1.00640042 30635
ANIK F3                 
1 31102U 07009A   15195.49187706 -.00000021  00000-0  00000+0 0  9999
2 31102   0.0258  47.1905 0001795  50.5937 252.6233  1.00269589 30311
ASTRA 1L                
1 31306U 07016A   15194.96229846  .00000100  00000-0  00000+0 0  9993
2 31306   0.0369 335.4704 0000628 159.9301 161.7003  1.00273311 30024
GALAXY 17 (G-17)        
1 31307U 07016B   15194.46266591 -.00000194  00000-0  00000+0 0  9991
2 31307   0.0170   5.2305 0002719 117.7214 243.6068  1.00271641 30050
ZHONGXING-6B            
1 31800U 07031A   15194.88225310 -.00000382  00000-0  00000+0 0  9995
2 31800   0.0139  34.0608 0001775  87.5018 243.0087  1.00273258 29459
DIRECTV 10              
1 31862U 07032A   15193.34944424 -.00000123  00000-0  00000+0 0  9991
2 31862   0.0461 215.8100 0002132 189.5923 267.4909  1.00276516 29360
SPACEWAY 3              
1 32018U 07036A   15193.44918973 -.00000171  00000-0  00000+0 0  9993
2 32018   0.0182 202.5875 0000307 302.2431 211.9241  1.00271303 29087
BSAT-3A                 
1 32019U 07036B   15194.79638949 -.00000370  00000-0  10000-3 0  9991
2 32019   0.0446 213.8055 0002944 332.0943 141.9711  1.00269419 29038
INSAT-4CR               
1 32050U 07037A   15194.70171382 -.00000097  00000-0  00000+0 0  9992
2 32050   0.0049  42.1211 0003415 203.4711  12.2667  1.00272902 28824
OPTUS D2                
1 32252U 07044A   15195.64098116 -.00000204  00000-0  00000+0 0  9991
2 32252   0.0165 343.8815 0002667 137.5874 193.4515  1.00270661 28445
INTELSAT 11 (IS-11)     
1 32253U 07044B   15195.17521995 -.00000289  00000-0  00000+0 0  9999
2 32253   0.0178  57.6168 0002792  60.0448 194.1477  1.00269155 28505
STAR ONE C1             
1 32293U 07056A   15195.43189426 -.00000297  00000-0  00000+0 0  9993
2 32293   0.0566 263.3460 0002778 246.4795 232.6299  1.00272325 28110
SKYNET 5B               
1 32294U 07056B   15193.19141472  .00000121  00000-0  00000+0 0  9999
2 32294   0.0628 358.6755 0003471 112.7460 271.5718  1.00272427 28188
ASTRA 4A (SIRIUS 4)     
1 32299U 07057A   15195.03418728  .00000012  00000-0  00000+0 0  9990
2 32299   0.0338 307.0469 0002474 169.3212 192.3200  1.00271177 27935
HORIZONS-2              
1 32388U 07063B   15195.00911102 -.00000202  00000-0  00000+0 0  9999
2 32388   0.0185  57.8783 0002505  53.3449 268.4386  1.00269883 27865
THURAYA-3               
1 32404U 08001A   15195.29496620 -.00000317  00000-0  00000+0 0  9992
2 32404   4.3671 347.3518 0004256 126.4733  22.8286  1.00270777 27514
EXPRESS-AM33            
1 32478U 08003A   15193.42981903 -.00000299  00000-0  00000+0 0  9990
2 32478   0.0507 220.9008 0000234 351.9734 328.3124  1.00268677 27593
THOR 5                  
1 32487U 08006A   15195.72973861 -.00000029  00000-0  00000+0 0  9993
2 32487   0.0605 247.7627 0001919 226.8043  79.6453  1.00273005 27165
KIZUNA (WINDS)          
1 32500U 08007A   15192.91521252 -.00000278  00000-0  00000+0 0  9997
2 32500   0.0698 265.4957 0001964 189.1648 307.2874  1.00270236 27012
AMC-14                  
1 32708U 08011A   15193.81997484  .00000110  00000-0  00000+0 0  9990
2 32708  17.7825  74.0545 0051424   9.0594 171.8648  1.00275312 28084
DIRECTV 11              
1 32729U 08013A   15191.33796186 -.00000144  00000-0  00000+0 0  9994
2 32729   0.0079 261.4122 0000519 150.3136 258.6965  1.00274428 26875
ICO G1                  
1 32763U 08016A   15195.31486257 -.00000187  00000-0  00000+0 0  9999
2 32763   4.1341 347.4293 0002757 145.1637 179.7615  1.00272240 26446
VINASAT-1               
1 32767U 08018A   15195.56342994 -.00000349  00000-0  00000+0 0  9991
2 32767   0.0296 307.0217 0001262 190.4451 129.3936  1.00271654 26589
STAR ONE C2             
1 32768U 08018B   15193.21828284 -.00000284  00000-0  00000+0 0  9991
2 32768   0.0143 293.6939 0002242 213.5818 151.0837  1.00270184 26517
TIANLIAN 1-01           
1 32779U 08019A   15195.70585014 -.00000157  00000-0  10000-3 0  9995
2 32779   1.3806  79.3951 0030015 215.5137 331.4356  1.00270723 26459
AMOS-3                  
1 32794U 08022A   15194.81534968 -.00000055  00000-0  00000+0 0  9991
2 32794   0.0167   2.4588 0001340 153.6440  64.7559  1.00272370 26421
GALAXY 18 (G-18)        
1 32951U 08024A   15194.46934244  .00000005  00000-0  00000+0 0  9994
2 32951   0.0136  83.9530 0003030  42.1562 210.8392  1.00271193 26069
CHINASAT 9 (ZX 9)       
1 33051U 08028A   15194.51241021 -.00000267  00000-0  00000+0 0  9991
2 33051   0.0047 117.7549 0004816 346.7323 103.2220  1.00270092 25992
SKYNET 5C               
1 33055U 08030A   15194.20383384 -.00000160  00000-0  00000+0 0  9995
2 33055   0.0604   3.4350 0003955 126.4111 216.4503  1.00271087 25881
TURKSAT 3A              
1 33056U 08030B   15195.87613188  .00000126  00000-0  00000+0 0  9999
2 33056   0.0548 183.9680 0004631 297.4746 168.3372  1.00270458 26065
INTELSAT 25 (IS-25)     
1 33153U 08034A   15194.15202449 -.00000244  00000-0  00000+0 0  9997
2 33153   0.0297 306.4200 0003199 148.5878 218.9442  1.00271938 25641
BADR-6                  
1 33154U 08034B   15195.80820441  .00000124  00000-0  00000+0 0  9995
2 33154   0.0605  32.5127 0004634  53.8178 162.9386  1.00270126 25751
ECHOSTAR 11             
1 33207U 08035A   15195.37258021 -.00000077  00000-0  00000+0 0  9994
2 33207   0.0538 275.9861 0002945 216.3507 183.6888  1.00271825 25639
SUPERBIRD-C2            
1 33274U 08038A   15194.63306786 -.00000271  00000-0  00000+0 0  9997
2 33274   0.0323 297.3648 0001002 172.7938 192.8803  1.00271923 25359
AMC-21                  
1 33275U 08038B   15195.37844113  .00000016  00000-0  00000+0 0  9997
2 33275   0.0364 307.1019 0002346 185.6642 170.4692  1.00271164 25449
INMARSAT 4-F3           
1 33278U 08039A   15195.55625647 -.00000155  00000-0  00000+0 0  9995
2 33278   3.0152 354.6435 0002806 116.8112 282.9063  1.00271207 25256
NIMIQ 4                 
1 33373U 08044A   15195.24570079 -.00000240  00000-0  00000+0 0  9996
2 33373   0.0152 318.0735 0002554 206.8898 133.2338  1.00272368 24854
GALAXY 19 (G-19)        
1 33376U 08045A   15195.58098365 -.00000159  00000-0  00000+0 0  9999
2 33376   0.0041 101.3666 0002933  28.1636 274.7268  1.00272155 24831
VENESAT-1               
1 33414U 08055A   15193.05054590 -.00000256  00000-0  00000+0 0  9993
2 33414   0.0395 144.9546 0001954  22.5729  62.2631  1.00269710 24511
ASTRA 1M                
1 33436U 08057A   15194.96229846  .00000100  00000-0  00000+0 0  9995
2 33436   0.0457  71.7921 0004900  59.9105 165.3887  1.00273871 24470
CIEL-2                  
1 33453U 08063A   15195.68746338  .00000038  00000-0  00000+0 0  9991
2 33453   0.0236 323.5160 0002489 169.2932 278.0310  1.00272794 24151
EUTELSAT HOT BIRD 13C   
1 33459U 08065A   15195.02447307  .00000066  00000-0  00000+0 0  9992
2 33459   0.0569  46.1758 0005453  60.0072 207.1524  1.00270946 24229
EUTELSAT 48D            
1 33460U 08065B   15194.19521818  .00000104  00000-0  00000+0 0  9994
2 33460   0.0553 330.4959 0002043 170.1960 268.3869  1.00271855 24082
FENGYUN 2E              
1 33463U 08066A   15195.57909580 -.00000222  00000-0  00000+0 0  9999
2 33463   2.6491  59.0158 0002934 154.5804  13.5947  1.00265302 24077
EXPRESS-AM44            
1 33595U 09007A   15194.32504749 -.00000109  00000-0  00000+0 0  9995
2 33595   0.0251 196.5292 0000483 353.7122 206.6544  1.00271916 23534
NSS-9                   
1 33749U 09008A   15195.75084850  .00000051  00000-0  00000+0 0  9996
2 33749   0.0283 323.2326 0001796 145.8354 276.5571  1.00272202 23559
EUTELSAT HOT BIRD 13D   
1 33750U 09008B   15195.21804367  .00000066  00000-0  00000+0 0  9998
2 33750   0.0376 326.2856 0003051 181.1666 235.7566  1.00271072 23588
TELSTAR 11N             
1 34111U 09009A   15195.31630331 -.00000272  00000-0  00000+0 0  9990
2 34111   0.0269  48.3184 0001702  38.8943 280.9559  1.00261802 23409
RADUGA-1 8              
1 34264U 09010A   15194.82710245  .00000082  00000-0  10000-3 0  9992
2 34264   4.3547  75.8847 0008287 301.3935  79.4793  0.99819606 23329
EUTELSAT 10A            
1 34710U 09016A   15195.09639479  .00000048  00000-0  00000+0 0  9990
2 34710   0.0628   1.7455 0004902 106.0976 228.4933  1.00273836 22947
SES-7 (PROTOSTAR 2)     
1 34941U 09027A   15195.31916988 -.00000365  00000-0  10000-3 0  9994
2 34941   0.0206  31.5210 0001427 205.5174 277.9340  1.00269118 22612
MEASAT-3A               
1 35362U 09032A   15195.78166675 -.00000262  00000-0  00000+0 0  9990
2 35362   0.0592 222.0358 0002178 312.4573 130.7032  1.00272599 22221
GOES 14                 
1 35491U 09033A   15195.54786219 -.00000110  00000-0  00000+0 0  9992
2 35491   0.2951  95.2730 0003104  68.5485 220.6948  1.00269494 22146
SIRIUS FM-5             
1 35493U 09034A   15194.59722314 -.00000165  00000-0  00000+0 0  9995
2 35493   0.0061 323.2075 0000647 338.7942 108.1297  1.00271794 21976
TERRESTAR-1             
1 35496U 09035A   15195.37304148 -.00000071  00000-0  00000+0 0  9993
2 35496   3.5005 333.3899 0002799 146.6381 195.1652  1.00272067 22138
ASIASAT 5               
1 35696U 09042A   15195.86925347 -.00000327  00000-0  00000+0 0  9991
2 35696   0.0413 251.2538 0001900 159.8066 294.7567  1.00271521 21653
JCSAT-RA (JCSAT-12)     
1 35755U 09044A   15194.75026574 -.00000365  00000-0  00000+0 0  9992
2 35755   0.0414  32.9369 0000519  99.5510 196.8223  1.00271189 21634
OPTUS D3                
1 35756U 09044B   15195.64005773 -.00000167  00000-0  00000+0 0  9990
2 35756   0.0396 344.6758 0002781 123.8377 210.0758  1.00272999 21614
PALAPA D                
1 35812U 09046A   15194.81843699 -.00000378  00000-0  00000+0 0  9994
2 35812   0.0201  62.4962 0001818  66.2908 210.1541  1.00271219 21653
NIMIQ 5                 
1 35873U 09050A   15195.34524082 -.00000277  00000-0  00000+0 0  9995
2 35873   0.0186  73.9370 0001678  36.2016 233.3163  1.00271652 21347
AMAZONAS 2              
1 35942U 09054A   15194.22714396 -.00000302  00000-0  00000+0 0  9990
2 35942   0.0441 136.2437 0005070 354.5060 180.7989  1.00270076 21171
COMSATBW-1              
1 35943U 09054B   15195.71833336  .00000004  00000-0  00000+0 0  9990
2 35943   0.0594  67.0743 0002002  46.9268 139.8448  1.00272505 21248
NSS-12                  
1 36032U 09058A   15194.12618700  .00000052  00000-0  00000+0 0  9997
2 36032   0.0129   8.3519 0002358 106.2495 278.4863  1.00272768 20923
THOR 6                  
1 36033U 09058B   15195.09611274 -.00000030  00000-0  00000+0 0  9991
2 36033   0.0181 211.1671 0001567 281.8422 192.3623  1.00271499 20946
INTELSAT 14 (IS-14)     
1 36097U 09064A   15195.41880716 -.00000294  00000-0  00000+0 0  9995
2 36097   0.0101  26.4490 0002009  97.6118 273.6607  1.00271079 20692
EUTELSAT 36B            
1 36101U 09065A   15195.08242053  .00000135  00000-0  00000+0 0  9994
2 36101   0.0637  15.7032 0003409 109.0163 232.4810  1.00274820 20784
INTELSAT 15 (IS-15)     
1 36106U 09067A   15195.07894977 -.00000205  00000-0  00000+0 0  9997
2 36106   0.0419 286.1585 0001941 191.1684 287.8522  1.00269537 20584
DIRECTV 12              
1 36131U 09075A   15195.62159218 -.00000139  00000-0  00000+0 0  9993
2 36131   0.0357 229.8391 0010606 325.8385 217.4762  1.00378690 20377
BEIDOU G1               
1 36287U 10001A   15194.86694226 -.00000301  00000-0  10000-3 0  9990
2 36287   1.5455 357.3565 0004584 203.6168 182.5128  1.00276362 20151
RADUGA-1M 2             
1 36358U 10002A   15195.00911102 -.00000203  00000-0  00000+0 0  9998
2 36358   0.0160 334.5806 0002106 173.7974 231.4335  1.00267189 19993
SDO                     
1 36395U 10005A   15194.39478608 -.00000068  00000-0  00000+0 0  9991
2 36395  28.1446 153.2476 0001509 235.4240 302.2744  1.00269979 20003
INTELSAT 16 (IS-16)     
1 36397U 10006A   15194.39472826 -.00000254  00000-0  00000+0 0  9997
2 36397   0.0448 296.3858 0001693 186.0606 231.6149  1.00272583 19737
GOES 15                 
1 36411U 10008A   15195.43829602  .00000068  00000-0  00000+0 0  9992
2 36411   0.2202  97.0175 0001443 209.1222   8.5382  1.00268491 19661
ECHOSTAR 14             
1 36499U 10010A   15195.37579027 -.00000020  00000-0  00000+0 0  9996
2 36499   0.0200  34.3205 0002990  75.8999 198.0836  1.00271281 19512
SES-1                   
1 36516U 10016A   15195.56701878 -.00000135  00000-0  00000+0 0  9991
2 36516   0.0290 315.7344 0001348 152.9447 286.5360  1.00272044 19122
ASTRA 3B                
1 36581U 10021A   15193.95481904  .00000117  00000-0  00000+0 0  9994
2 36581   0.0581 331.4590 0003562 154.4543 171.8231  1.00273000 18731
COMSATBW-2              
1 36582U 10021B   15195.21804367  .00000068  00000-0  00000+0 0  9993
2 36582   0.0122  93.7477 0001645  48.6596 241.0327  1.00274338 18974
BEIDOU G3               
1 36590U 10024A   15194.87644663 -.00000375  00000-0  00000+0 0  9999
2 36590   1.5928  32.1091 0004129 308.4838  16.7291  1.00264335 18757
BADR-5                  
1 36592U 10025A   15194.20344627  .00000125  00000-0  00000+0 0  9998
2 36592   0.0067 297.0632 0004271 201.8842 251.0301  1.00270675 18883
COMS 1                  
1 36744U 10032A   15195.38749947 -.00000364  00000-0  00000+0 0  9995
2 36744   0.0186  75.8554 0000469  51.2423  72.5121  1.00271295 18634
ARABSAT-5A              
1 36745U 10032B   15194.78968799  .00000133  00000-0  00000+0 0  9990
2 36745   0.0521   9.0515 0003151 105.1281 131.9070  1.00273106 18610
ECHOSTAR 15             
1 36792U 10034A   15194.46641918 -.00000294  00000-0  00000+0 0  9999
2 36792   0.0189 358.3353 0002042 143.0143 272.4785  1.00272802 18377
BEIDOU IGSO 1           
1 36828U 10036A   15195.07482927 -.00000081  00000-0  10000-3 0  9991
2 36828  54.3026 200.4796 0041406 213.6492  24.2948  1.00281994 18191
NILESAT 201             
1 36830U 10037A   15193.79377728 -.00000077  00000-0  10000-3 0  9999
2 36830   0.0482 193.4045 0006073 276.2705  99.4166  1.00271824 18253
RASCOM-QAF 1R           
1 36831U 10037B   15195.09620421 -.00000002  00000-0  00000+0 0  9999
2 36831   0.0185  33.1932 0003143  87.4388 208.5284  1.00272496 18264
CHINASAT 6A (ZX 6A)     
1 37150U 10042A   15194.46631613 -.00000374  00000-0  00000+0 0  9997
2 37150   0.0379 217.8764 0000449 212.2285 153.8188  1.00270242 17876
XM-5                    
1 37185U 10053A   15195.30317656 -.00000225  00000-0  00000+0 0  9994
2 37185   0.0329 296.1144 0001252 304.6122  75.0176  1.00272857 17427
BSAT-3B                 
1 37207U 10056B   15195.82255021 -.00000370  00000-0  00000+0 0  9997
2 37207   0.0604 315.4725 0000954   9.0147  13.8303  1.00270563 17265
BEIDOU G4               
1 37210U 10057A   15195.63790130 -.00000134  00000-0  00000+0 0  9994
2 37210   0.8116  45.0244 0007586 151.5949 125.1100  1.00270630 17287
SKYTERRA 1              
1 37218U 10061A   15195.43753578 -.00000133  00000-0  00000+0 0  9999
2 37218   4.0775 324.9334 0009848 181.9329 201.3118  1.00271769 17216
ZHONGXING-20A           
1 37234U 10064A   15194.80356407 -.00000358  00000-0  00000+0 0  9999
2 37234   0.0449 103.6337 0002584  50.4301 196.5506  1.00266451 17008
HYLAS 1                 
1 37237U 10065A   15195.33816631 -.00000254  00000-0  00000+0 0  9997
2 37237   0.0335 326.2767 0001721 175.0320 238.7872  1.00269655 16993
INTELSAT 17 (IS-17)     
1 37238U 10065B   15194.80760234 -.00000022  00000-0  00000+0 0  9999
2 37238   0.0392  72.9621 0002995  52.9195 162.1958  1.00271884 16912
BEIDOU IGSO 2           
1 37256U 10068A   15195.39383216 -.00000261  00000-0  10000-3 0  9998
2 37256  53.9669 319.4316 0037575 202.6290  30.7822  1.00290438 16789
EUTELSAT KA-SAT 9A      
1 37258U 10069A   15195.20328993  .00000042  00000-0  10000-3 0  9998
2 37258   0.0357 298.6772 0003918 136.6182 298.6437  1.00272329 16801
HISPASAT 1E             
1 37264U 10070A   15195.78851001 -.00000236  00000-0  00000+0 0  9992
2 37264   0.0380 158.5643 0005280 330.4889  57.1466  1.00270780 16659
KOREASAT 6              
1 37265U 10070B   15194.81573225 -.00000382  00000-0  00000+0 0  9997
2 37265   0.0129  39.8758 0001751  84.8225 216.3235  1.00271129 16664
ELEKTRO-L 1 (GOMS 2)    
1 37344U 11001A   15194.81968589 -.00000119  00000-0  00000+0 0  9999
2 37344   1.0280  80.7384 0002573 313.2022 268.6277  1.00269870 16440
BEIDOU IGSO 3           
1 37384U 11013A   15195.44571611 -.00000206  00000-0  10000-3 0  9994
2 37384  56.9687  80.3365 0024536 189.8336 299.1255  1.00249124 15665
INTELSAT NEW DAWN       
1 37392U 11016A   15195.80416657  .00000135  00000-0  00000+0 0  9999
2 37392   0.0522 246.2169 0000438 205.2109 163.1746  1.00272257 15526
YAHSAT 1A               
1 37393U 11016B   15195.15074025  .00000081  00000-0  00000+0 0  9997
2 37393   0.0160 337.9192 0000997 139.2121 281.3040  1.00269125 15563
TELSTAR 14R             
1 37602U 11021A   15195.31566299 -.00000300  00000-0  00000+0 0  9998
2 37602   0.0190  15.7512 0000487 318.3370   8.3599  1.00269980 15763
GSAT-8                  
1 37605U 11022A   15195.14425080  .00000065  00000-0  00000+0 0  9992
2 37605   0.0428 254.0655 0003327  18.0317 126.5397  1.00273304 15222
ST-2                    
1 37606U 11022B   15195.84220880 -.00000231  00000-0  00000+0 0  9997
2 37606   0.0272  58.4265 0000548 104.6142 160.5417  1.00270299 15246
CHINASAT 10 (ZX 10)     
1 37677U 11026A   15195.67708927 -.00000372  00000-0  10000-3 0  9994
2 37677   0.0379 268.0823 0005491 305.0279  73.3516  1.00273477 14950
TIANLIAN 1-02           
1 37737U 11032A   15195.57613667 -.00000070  00000-0  10000-3 0  9998
2 37737   1.1639  80.6532 0026973 187.8180  38.0705  1.00269587 14706
GSAT-12                 
1 37746U 11034A   15194.86070146 -.00000185  00000-0  00000+0 0  9992
2 37746   0.0955 259.4780 0006087 206.1491 218.6045  1.00272298 14942
SES-3                   
1 37748U 11035A   15195.62159135 -.00000122  00000-0  00000+0 0  9997
2 37748   0.0311 306.0685 0000794 208.0001 258.8552  1.00272328 14684
KAZSAT-2                
1 37749U 11035B   15195.01427640 -.00000218  00000-0  00000+0 0  9996
2 37749   0.0185 202.7254 0000353 359.6262 180.8687  1.00271527 14583
BEIDOU IGSO 4           
1 37763U 11038A   15195.07292066 -.00000024  00000-0  10000-3 0  9993
2 37763  54.6154 202.7305 0037426 208.8228   2.2325  1.00272491 14627
ASTRA 1N                
1 37775U 11041A   15194.84364774  .00000099  00000-0  00000+0 0  9996
2 37775   0.0713  30.7485 0003497  55.0347 168.4791  1.00273065 14382
BSAT-3C (JCSAT-110R)    
1 37776U 11041B   15194.87644663 -.00000371  00000-0  00000+0 0  9992
2 37776   0.0088   6.6879 0000641 232.8315 117.3815  1.00271077 14511
PAKSAT-1R               
1 37779U 11042A   15193.18750895  .00000135  00000-0  00000+0 0  9991
2 37779   0.0402 127.2124 0002474 339.9261 288.1154  1.00273929 14287
CHINASAT 1A (ZX 1A)     
1 37804U 11047A   15194.80068557 -.00000357  00000-0  00000+0 0  9999
2 37804   0.0569 211.7267 0001397  53.9652  83.7962  1.00272699 14051
COSMOS 2473             
1 37806U 11048A   15195.70585015 -.00000155  00000-0  00000+0 0  9991
2 37806   0.0183  57.0264 0002000 153.9547  55.2889  1.00271464 14050
SES-2                   
1 37809U 11049A   15194.38350881 -.00000216  00000-0  00000+0 0  9997
2 37809   0.0142  27.6404 0002477  85.7623 228.5863  1.00271734 13991
ARABSAT-5C              
1 37810U 11049B   15195.21909328  .00000103  00000-0  00000+0 0  9992
2 37810   0.0613   3.3751 0004331 139.0775 248.1441  1.00271466 13941
EUTELSAT 7 WEST A       
1 37816U 11051A   15195.06778726 -.00000081  00000-0  10000-3 0  9991
2 37816   0.0626   2.5482 0004224 141.6291 164.4763  1.00272484 13944
QUETZSAT 1              
1 37826U 11054A   15194.38748431 -.00000261  00000-0  00000+0 0  9994
2 37826   0.0419 298.0368 0002250 180.6180 234.7582  1.00270608 14067
INTELSAT 18 (IS-18)     
1 37834U 11056A   15195.51550726  .00000032  00000-0  00000+0 0  9994
2 37834   0.0212  61.4865 0001699  65.1634 170.9551  1.00271860 13863
EUTELSAT 16A            
1 37836U 11057A   15193.69810404  .00000084  00000-0  00000+0 0  9993
2 37836   0.0603 357.4091 0005584 147.5282  52.6219  1.00273354 13765
VIASAT-1                
1 37843U 11059A   15193.40795767 -.00000043  00000-0  00000+0 0  9992
2 37843   0.0034 339.8993 0002147 134.5587 207.2671  1.00271781 14237
ASIASAT 7               
1 37933U 11069A   15195.83473373 -.00000354  00000-0  00000+0 0  9993
2 37933   0.0464 260.7702 0001628 169.6157 267.9637  1.00273922 13456
BEIDOU IGSO 5           
1 37948U 11073A   15195.01639245 -.00000202  00000-0  10000-3 0  9993
2 37948  54.0623 318.8809 0036583 200.4767 232.4847  1.00289682 13382
AMOS-5                  
1 37950U 11074A   15195.72149689  .00000088  00000-0  00000+0 0  9999
2 37950   0.0109 249.9305 0001352 242.4147  76.6519  1.00268246 13257
LUCH 5A                 
1 37951U 11074B   15194.87296431 -.00000064  00000-0  00000+0 0  9998
2 37951   2.2063 234.3595 0003653 262.7449 275.6304  1.00268411 13163
NIGCOMSAT 1R            
1 38014U 11077A   15195.87326053  .00000124  00000-0  00000+0 0  9993
2 38014   0.0243 174.7222 0002451  59.4163  55.1487  1.00274746 13041
FENGYUN 2F              
1 38049U 12002A   15195.17086679 -.00000377  00000-0  10000-3 0  9996
2 38049   0.3304  53.8694 0002285 164.5329 246.8742  1.00267072 12874
SES-4                   
1 38087U 12007A   15194.77538865 -.00000189  00000-0  00000+0 0  9993
2 38087   0.0186   4.7440 0002365  95.9846  87.7075  1.00270185 12482
BEIDOU G5               
1 38091U 12008A   15195.14122559  .00000037  00000-0  00000+0 0  9991
2 38091   1.1747  32.3775 0002082 140.7263 228.1201  1.00268120 12464
INTELSAT 22 (IS-22)     
1 38098U 12011A   15194.89365252 -.00000079  00000-0  00000+0 0  9999
2 38098   0.0213   9.5411 0001833 131.5592 184.1482  1.00273104 12039
APSTAR 7                
1 38107U 12013A   15195.57528461 -.00000122  00000-0  00000+0 0  9990
2 38107   0.0276  47.4741 0002729  58.9208 109.3119  1.00271660 12151
YAHSAT 1B               
1 38245U 12016A   15195.13907197  .00000105  00000-0  00000+0 0  9995
2 38245   0.0252  51.8851 0001699  68.9021 268.5610  1.00278297 11907
JCSAT-13                
1 38331U 12023A   15195.57604567 -.00000377  00000-0  00000+0 0  9994
2 38331   0.0103  14.6905 0001752 135.1104 113.6690  1.00269703 11566
VINASAT-2               
1 38332U 12023B   15194.88968259 -.00000349  00000-0  00000+0 0  9998
2 38332   0.0132 356.4200 0001587 128.2391 258.8945  1.00271907 11600
NIMIQ 6                 
1 38342U 12026A   15194.46266350 -.00000193  00000-0  00000+0 0  9996
2 38342   0.0071 305.7883 0002066 141.4238 279.2293  1.00270026 11577
CHINASAT 2A (ZX 2A)     
1 38352U 12028A   15194.87826397 -.00000312  00000-0  00000+0 0  9990
2 38352   0.0102 211.1834 0000616  23.2607 111.4249  1.00267531 11615
INTELSAT 19 (IS-19)     
1 38356U 12030A   15193.61323377 -.00000076  00000-0  00000+0 0  9995
2 38356   0.0111 346.4428 0003245 117.5623 212.9359  1.00272199 11475
ECHOSTAR 17             
1 38551U 12035A   15193.35148431 -.00000095  00000-0  00000+0 0  9995
2 38551   0.0106  76.5333 0002510  29.2758 203.5319  1.00272118 11084
METEOSAT-10 (MSG-3)     
1 38552U 12035B   15195.09612799 -.00000027  00000-0  00000+0 0  9997
2 38552   0.0965  84.4617 0000252  22.5171 218.9523  1.00266581 11193
SES-5                   
1 38652U 12036A   15195.11242245  .00000013  00000-0  00000+0 0  9991
2 38652   0.0812 265.1776 0001716 206.3469 225.5694  1.00272386 11044
TIANLIAN 1-03           
1 38730U 12040A   15195.21839113  .00000088  00000-0  00000+0 0  9992
2 38730   0.1949 265.7079 0005558 290.2348 191.2385  1.00268928 10975
INTELSAT 20 (IS-20)     
1 38740U 12043A   15195.71525353 -.00000045  00000-0  00000+0 0  9993
2 38740   0.0261 293.7289 0000503 337.3908 347.1082  1.00271952 10816
HYLAS 2                 
1 38741U 12043B   15195.82592008  .00000134  00000-0  00000+0 0  9995
2 38741   0.0487 248.4008 0001585 250.8586 121.4405  1.00275570 10839
INTELSAT 21 (IS-21)     
1 38749U 12045A   15194.16525612 -.00000305  00000-0  00000+0 0  9999
2 38749   0.0365  77.3846 0002216  47.1931 167.6380  1.00271118 10618
ASTRA 2F                
1 38778U 12051A   15195.85426331  .00000129  00000-0  00000+0 0  9996
2 38778   0.0636 237.6048 0003302 327.5664  62.9042  1.00270103 10278
GSAT-10                 
1 38779U 12051B   15194.86070248 -.00000185  00000-0  00000+0 0  9992
2 38779   0.0357 236.9303 0001159 264.8562 182.4926  1.00271646 10264
INTELSAT 23 (IS-23)     
1 38867U 12057A   15194.47087343 -.00000305  00000-0  00000+0 0  9991
2 38867   0.0121  39.3283 0001745  86.8071 281.3840  1.00271461 10091
BEIDOU G6               
1 38953U 12059A   15194.85931419 -.00000156  00000-0  10000-3 0  9992
2 38953   0.2477  57.3341 0002330 103.2535 160.2132  1.00270373 10021
LUCH 5B                 
1 38977U 12061A   15195.21633422 -.00000152  00000-0  00000+0 0  9996
2 38977   2.1312  80.8330 0003038  81.5489 190.9050  1.00269659 10155
YAMAL 300K              
1 38978U 12061B   15195.75084850  .00000050  00000-0  00000+0 0  9997
2 38978   0.0253  70.9671 0001473 189.5184 125.0517  1.00270068  9866
STAR ONE C3             
1 38991U 12062A   15195.36062291 -.00000270  00000-0  00000+0 0  9990
2 38991   0.0792  89.0813 0001546  47.0986 210.5530  1.00272352  9837
EUTELSAT 21B            
1 38992U 12062B   15195.21773079  .00000109  00000-0  00000+0 0  9998
2 38992   0.0628   0.6579 0002146 120.1975 270.8517  1.00270393  9851
ECHOSTAR 16             
1 39008U 12065A   15194.31541503 -.00000302  00000-0  10000-3 0  9996
2 39008   0.0068  51.0274 0002654  50.6823 241.1953  1.00270493  9770
CHINASAT 12 (ZX 12)     
1 39017U 12067A   15195.84508429 -.00000227  00000-0  00000+0 0  9998
2 39017   0.0142  64.9226 0002294  58.7049 200.4688  1.00272844  9698
EUTELSAT 70B            
1 39020U 12069A   15194.90169834 -.00000063  00000-0  00000+0 0  9991
2 39020   0.0642  20.9664 0002927 108.2769 197.2777  1.00272887  9585
YAMAL 402               
1 39022U 12070A   15194.83766863  .00000066  00000-0  10000-3 0  9999
2 39022   0.0286 265.8411 0003053 214.3455 167.6276  1.00272352  9574
SKYNET 5D               
1 39034U 12075A   15194.83138043  .00000080  00000-0  00000+0 0  9991
2 39034   0.0687 352.3587 0003259 129.0137 162.0465  1.00270009  9492
MEXSAT 3                
1 39035U 12075B   15194.86783938 -.00000046  00000-0  10000-3 0  9992
2 39035   0.0377 193.1560 0001232 280.1689  15.7176  1.00273274  9457
TDRS 11                 
1 39070U 13004A   15195.18301299  .00000078  00000-0  00000+0 0  9995
2 39070   6.2173 329.8690 0007887 256.2796 320.3208  1.00271264  8980
AMAZONAS 3              
1 39078U 13006A   15195.81668108 -.00000303  00000-0  10000-3 0  9997
2 39078   0.0451 231.3656 0002840 296.5321 357.4653  1.00271969  8957
AZERSPACE 1             
1 39079U 13006B   15194.82815001  .00000113  00000-0  00000+0 0  9997
2 39079   0.0190 299.2973 0001516 203.2707 132.9137  1.00269903  8920
EUTELSAT 117 WEST A     
1 39122U 13012A   15195.48297882 -.00000033  00000-0  00000+0 0  9999
2 39122   0.0116 310.2072 0002348 168.4845 230.3810  1.00271111  8453
ANIK G1                 
1 39127U 13014A   15194.35962852 -.00000094  00000-0  00000+0 0  9994
2 39127   0.0139 339.2733 0002400 101.5396 232.2365  1.00269895  8234
CHINASAT 11 (ZX 11)     
1 39157U 13020A   15195.00674404 -.00000311  00000-0  00000+0 0  9992
2 39157   0.0205 256.5405 0001404 293.8035 201.6120  1.00269140  8137
EUTELSAT 7B             
1 39163U 13022A   15195.03372938  .00000028  00000-0  00000+0 0  9995
2 39163   0.0335 358.5670 0003115  36.3158 275.8048  1.00271509  7977
SES-6                   
1 39172U 13026A   15195.41897370 -.00000281  00000-0  00000+0 0  9995
2 39172   0.0166   7.1169 0001954 107.2903 287.8639  1.00275318  7717
IRNSS-1A                
1 39199U 13034A   15195.83823001  .00000077  00000-0  00000+0 0  9991
2 39199  27.7971 127.5087 0018362 187.1335 334.4754  1.00275322  7632
ALPHASAT                
1 39215U 13038A   15194.96184715  .00000119  00000-0  00000+0 0  9996
2 39215   0.8915  33.4626 0001724  83.5677 185.5735  1.00274444  7242
INSAT-3D                
1 39216U 13038B   15194.86496124 -.00000176  00000-0  00000+0 0  9990
2 39216   0.0104  47.5798 0000618 103.4883 173.7934  1.00272407  7273
EUTELSAT 25B            
1 39233U 13044A   15193.88957831  .00000124  00000-0  00000+0 0  9996
2 39233   0.0462   0.6220 0001587 111.9935 163.5828  1.00274568  6871
GSAT-7                  
1 39234U 13044B   15195.71204598 -.00000097  00000-0  00000+0 0  9996
2 39234   0.0701  88.0537 0007394 180.8481 353.6518  1.00271955  6888
AMOS-4                  
1 39237U 13045A   15194.12336407 -.00000013  00000-0  00000+0 0  9997
2 39237   0.0224  74.8740 0001917  61.0538 264.1624  1.00272567  6860
ASTRA 2E                
1 39285U 13056A   15193.95405868  .00000130  00000-0  10000-3 0  9994
2 39285   0.0423 335.1530 0001995 149.8774 177.2784  1.00272134  6554
SIRIUS FM-6             
1 39360U 13058A   15195.48297340 -.00000037  00000-0  00000+0 0  9996
2 39360   0.0082  22.3015 0000607 265.0149  62.4100  1.00272113  6327
RADUGA-1M 3             
1 39375U 13062A   15195.13785433 -.00000059  00000-0  00000+0 0  9998
2 39375   0.0227 101.3616 0003034  46.1014 263.8359  1.00272449  6117
SES-8                   
1 39460U 13071A   15194.90307803 -.00000289  00000-0  00000+0 0  9993
2 39460   0.0435 253.6632 0002329 217.0854 240.7964  1.00271749  5846
INMARSAT 5-F1           
1 39476U 13073A   15195.58790623  .00000008  00000-0  00000+0 0  9991
2 39476   0.0157  42.5686 0000306 114.7718  49.0386  1.00271889  5914
TKSAT-1 (TUPAC KATARI)  
1 39481U 13075A   15194.38063589 -.00000215  00000-0  00000+0 0  9991
2 39481   0.0082 285.3962 0001752 185.2085 230.1618  1.00273408  5816
EXPRESS-AM5             
1 39487U 13077A   15193.62284828 -.00000300  00000-0  00000+0 0  9991
2 39487   0.0280 203.6041 0000697 128.0216 322.8137  1.00271459  6349
GSAT-14                 
1 39498U 14001A   15193.82331580 -.00000097  00000-0  00000+0 0  9994
2 39498   0.1031 257.6359 0004319 180.5265 222.6281  1.00272425  5541
THAICOM 6               
1 39500U 14002A   15194.10041728 -.00000141  00000-0  00000+0 0  9993
2 39500   0.0795 130.2113 0004478  10.6116 264.4828  1.00271902  5505
TDRS 12                 
1 39504U 14004A   15195.17335051 -.00000285  00000-0  00000+0 0  9991
2 39504   6.6379 337.3422 0003117 194.0920 141.8359  1.00269859  5427
ABS-2                   
1 39508U 14006A   15195.79342462 -.00000106  00000-0  00000+0 0  9991
2 39508   0.0270 300.2183 0001995 181.0350 171.5967  1.00271044  5319
ATHENA-FIDUS            
1 39509U 14006B   15194.08734935  .00000134  00000-0  00000+0 0  9993
2 39509   0.0250  34.3159 0000489  88.4096 237.2793  1.00270532  5486
TURKSAT 4A              
1 39522U 14007A   15195.87325980  .00000126  00000-0  00000+0 0  9994
2 39522   0.0520 266.8990 0001107 300.4260  81.4313  1.00274175  5196
EXPRESS-AT1             
1 39612U 14010A   15194.73414887  .00000058  00000-0  00000+0 0  9991
2 39612   0.0483 213.7441 0000340  37.6408   0.1774  1.00272548  5020
EXPRESS-AT2             
1 39613U 14010B   15193.62409564 -.00000301  00000-0  00000+0 0  9997
2 39613   0.0490 218.2857 0000654  24.3786  52.0219  1.00270154  4840
AMAZONAS 4A             
1 39616U 14011A   15195.82527865 -.00000303  00000-0  00000+0 0  9992
2 39616   0.0243  20.9320 0004144  68.3192  79.2643  1.00272587  4854
ASTRA 5B                
1 39617U 14011B   15195.82545809  .00000134  00000-0  00000+0 0  9992
2 39617   0.0242   4.3585 0002386 126.9819 129.6809  1.00269942  4851
IRNSS-1B                
1 39635U 14017A   15194.90210797  .00000042  00000-0  00000+0 0  9999
2 39635  30.3026 305.7546 0022885 185.7713 179.7482  1.00269220  4788
LUCH 5V                 
1 39727U 14023A   15195.06810427 -.00000284  00000-0  00000+0 0  9991
2 39727   4.0208 300.9535 0002981 185.7401 284.1911  1.00270592522501
KAZSAT 3                
1 39728U 14023B   15194.03009305  .00000041  00000-0  00000+0 0  9993
2 39728   0.0225 256.7575 0000056  81.2166  22.0256  1.00270075  4410
EUTELSAT 3B             
1 39773U 14030A   15195.03525633 -.00000001  00000-0  00000+0 0  9996
2 39773   0.0656  29.1032 0001895  72.2109 206.0355  1.00271042  4191
ASIASAT 8               
1 40107U 14046A   15195.83473373 -.00000353  00000-0  00000+0 0  9997
2 40107   0.0337 292.8959 0001245 189.4877 215.7883  1.00272765  3486
ASIASAT 6               
1 40141U 14052A   15195.80703119 -.00000382  00000-0  00000+0 0  9995
2 40141   0.0168  59.5673 0000299 111.6283 171.5756  1.00271527  3149
OPTUS 10                
1 40146U 14054A   15193.61369433 -.00000094  00000-0  00000+0 0  9996
2 40146   0.0169  46.6830 0002271  70.7732 197.6254  1.00271172  3084
MEASAT-3B               
1 40147U 14054B   15195.78454545 -.00000262  00000-0  10000-3 0  9998
2 40147   0.0273 339.3511 0001223  98.5470 228.3442  1.00272295  3158
LUCH (OLYMP)            
1 40258U 14058A   15195.34747663 -.00000162  00000-0  00000+0 0  9997
2 40258   0.0273 204.4357 0000453 252.0565 302.3366  1.00270825  2926
HIMAWARI 8              
1 40267U 14060A   15195.38716336 -.00000296  00000-0  00000+0 0  9995
2 40267   0.0112 284.9955 0000808 242.1227  44.8283  1.00272716  2842
IRNSS-1C                
1 40269U 14061A   15194.81762895 -.00000178  00000-0  10000-3 0  9990
2 40269   4.4308 268.1556 0018239   4.2507  36.4191  1.00271701  2809
INTELSAT 30 (IS-30)     
1 40271U 14062A   15193.34576310 -.00000170  00000-0  00000+0 0  9993
2 40271   0.0085  15.1422 0001406   2.0105 302.1937  1.00271447  2725
ARSAT 1                 
1 40272U 14062B   15195.31543429 -.00000280  00000-0  00000+0 0  9990
2 40272   0.0483 265.8067 0000776 190.7414 237.0444  1.00271332  2861
EXPRESS-AM6             
1 40277U 14064A   15194.95934329  .00000078  00000-0  00000+0 0  9993
2 40277   0.0219 200.4760 0000194 129.8656 359.4990  1.00273746  2678
GSAT 16                 
1 40332U 14078A   15195.83608147  .00000064  00000-0  00000+0 0  9999
2 40332   0.0912 265.4626 0006728 185.0356 197.9317  1.00274142  2244
DIRECTV 14              
1 40333U 14078B   15195.46843623 -.00000145  00000-0  00000+0 0  9990
2 40333   0.0179  25.5747 0000475 265.8669  69.9479  1.00267724  2230
YAMAL 401               
1 40345U 14082A   15195.78133641 -.00000248  00000-0  00000+0 0  9999
2 40345   0.0400 133.3822 0000454 137.1202  33.0072  1.00269565  2396
ASTRA 2G                
1 40364U 14089A   15195.14689389  .00000130  00000-0  00000+0 0  9991
2 40364   0.0605  58.9853 0004126  20.6500 293.1183  1.00274396  2005
FENGYUN 2G              
1 40367U 14090A   15194.88005509 -.00000348  00000-0  00000+0 0  9994
2 40367   1.8881 276.6603 0003797 261.6265 174.4591  1.00277731  2025
INMARSAT 5-F2           
1 40384U 15005A   15193.14175174 -.00000175  00000-0  00000+0 0  9992
2 40384   0.0334  85.9720 0000657 105.1895 129.3976  1.00270827  1633
EXPRESS-AM7             
1 40505U 15012A   15195.21891020  .00000130  00000-0  00000+0 0  9990
2 40505   0.0075  48.9561 0002333  73.5156 288.0564  1.00270315  1349
THOR 7                  
1 40613U 15022A   15193.07060532 -.00000027  00000-0  00000+0 0  9995
2 40613   0.0126 247.8835 0002698 211.4810 215.0193  1.00272399   783
TURKMENALEM52E/MONACOSAT
1 40617U 15023A   15195.89273686  .00000084  00000-0  00000+0 0  9990
2 40617   0.0212  64.5953 0001583  80.7911 160.4075  1.00270993   835
DIRECTV 15              
1 40663U 15026A   15195.41862275 -.00000293  00000-0  00000+0 0  9993
2 40663   0.0535 242.3201 0002170 296.2545 197.2769  1.00270302   535
SKY MEXICO-1            
1 40664U 15026B   15192.25988483 -.00000253  00000-0  00000+0 0  9999
2 40664   0.0632 152.2962 0003366 268.8705 242.4607  1.00270612   503
