COSMOS 2413 (712)       
1 28509U 04053B   15195.18389569  .00000072  00000-0  10000-3 0  9999
2 28509  63.1398 202.1702 0005789 187.1798 153.7497  2.13101748 82070
COSMOS 2419 (714)       
1 28915U 05050A   15195.47317916 -.00000037  00000-0  00000+0 0  9994
2 28915  65.1778  89.6044 0016912 351.5364 206.6341  2.13107279 74339
COSMOS 2425 (716)       
1 29670U 06062A   15195.12108588 -.00000083  00000-0  10000-3 0  9998
2 29670  65.7660 328.5410 0020606 350.3802   3.1573  2.13105023 66529
COSMOS 2426 (717)       
1 29671U 06062B   15195.60097230 -.00000082  00000-0  10000-3 0  9992
2 29671  65.7839 328.5994 0017949 160.1773  64.8412  2.13102980 66542
COSMOS 2424 (715)       
1 29672U 06062C   15195.58474939 -.00000082  00000-0  10000-3 0  9995
2 29672  65.7675 328.5347 0017540 159.3713 230.4422  2.13102333 66548
COSMOS 2433 (720)       
1 32275U 07052A   15195.74601309 -.00000034  00000-0  10000-3 0  9996
2 32275  65.1929  89.3591 0002550 281.5536  22.7479  2.13104889 60058
COSMOS 2432 (719)       
1 32276U 07052B   15195.16744003 -.00000039  00000-0  10000-3 0  9997
2 32276  65.2044  89.4391 0012825 339.3511 195.7131  2.13104416 60049
COSMOS 2434 (721)       
1 32393U 07065A   15194.85624448 -.00000083  00000-0  00000+0 0  9990
2 32393  65.3870 328.0334 0005802 109.6332 127.0469  2.13102922 58748
COSMOS 2436 (723)       
1 32395U 07065C   15195.66806279 -.00000083  00000-0  10000-3 0  9991
2 32395  65.3992 328.0432 0016246 359.6373 231.8411  2.13102873 58690
COSMOS 2443 (725)       
1 33379U 08046B   15195.48108119 -.00000037  00000-0  10000-3 0  9991
2 33379  65.1205  88.8182 0017373 185.2937 185.0290  2.13101488 52928
COSMOS 2456 (730)       
1 36111U 09070A   15195.73023516  .00000070  00000-0  00000+0 0  9992
2 36111  64.1962 207.6677 0006226 295.0658  59.8850  2.13103028 43426
COSMOS 2457 (733)       
1 36112U 09070B   15195.70741127  .00000071  00000-0  00000+0 0  9996
2 36112  64.1780 207.6031 0007177 185.8046 283.5165  2.13101660 43438
COSMOS 2458 (734)       
1 36113U 09070C   15195.34176377  .00000075  00000-0  10000-3 0  9995
2 36113  64.1835 207.6187 0002302 285.1144 310.7574  2.13102098 43422
COSMOS 2459 (731)       
1 36400U 10007A   15195.29698115 -.00000038  00000-0  10000-3 0  9999
2 36400  65.0997  88.5684 0029661 353.6549 194.5538  2.13102517 41775
COSMOS 2461 (735)       
1 36401U 10007B   15195.41885274 -.00000037  00000-0  10000-3 0  9997
2 36401  65.0929  88.5485 0006322  67.3783 124.8595  2.13102597 41775
COSMOS 2460 (732)       
1 36402U 10007C   15194.47727800 -.00000045  00000-0  10000-3 0  9992
2 36402  65.0818  88.5619 0000710   6.7499 225.5279  2.13102064 41753
COSMOS 2466 (738)       
1 37137U 10041A   15194.76926419 -.00000084  00000-0  10000-3 0  9998
2 37137  64.9707 328.3137 0021962 149.8380 243.8563  2.13102441 37847
COSMOS 2465 (737)       
1 37138U 10041B   15195.49886936 -.00000084  00000-0  00000+0 0  9994
2 37138  64.9879 328.3558 0035757 165.5747 250.1260  2.13102815 37855
COSMOS 2464 (736)       
1 37139U 10041C   15195.70371799 -.00000083  00000-0  00000+0 0  9994
2 37139  64.9896 328.3401 0021561  19.1238 328.2691  2.13102881 37857
COSMOS 2471 (701K)      
1 37372U 11009A   15194.62004851 -.00000044  00000-0  00000+0 0  9997
2 37372  65.0793  88.5076 0007459 238.4526 234.7891  2.13102897 34030
COSMOS 2474 (742)       
1 37829U 11055A   15195.12118194  .00000079  00000-0  00000+0 0  9994
2 37829  64.5200 207.9606 0010437 255.1958 215.4596  2.13102028 29415
COSMOS 2476 (744)       
1 37867U 11064A   15195.62213707  .00000073  00000-0  00000+0 0  9991
2 37867  64.5000 208.0337 0019160 250.5766 290.0787  2.13102148 28778
COSMOS 2477 (745)       
1 37868U 11064B   15195.25480725  .00000077  00000-0  00000+0 0  9991
2 37868  64.5086 208.0828 0017234 251.8702 186.4462  2.13101995 28724
COSMOS 2475 (743)       
1 37869U 11064C   15194.76394220  .00000083  00000-0  00000+0 0  9998
2 37869  64.5159 208.0844 0023120 276.2327 101.3922  2.13102155 28725
COSMOS 2478 (746)       
1 37938U 11071A   15195.25417557 -.00000039  00000-0  00000+0 0  9999
2 37938  65.1069  88.6949 0013526 242.6939 130.2058  2.13083533 28349
COSMOS 2485 (747)       
1 39155U 13019A   15194.78901694  .00000083  00000-0  00000+0 0  9991
2 39155  64.6689 207.9380 0019303 245.7648  60.9783  2.13102196 17225
COSMOS 2492 (754)       
1 39620U 14012A   15195.48673803 -.00000037  00000-0  10000-3 0  9993
2 39620  64.9709  88.5636 0016398 335.4186 178.6710  2.13103574 10209
COSMOS 2500 (755)       
1 40001U 14032A   15195.23196142 -.00000039  00000-0  00000+0 0  9996
2 40001  64.9112  88.6226 0005442 208.2546 334.7041  2.13103193  8401
COSMOS 2501 (702K)      
1 40315U 14075A   15195.28871285 -.00000084  00000-0  00000+0 0  9994
2 40315  64.7565 329.9146 0016299 233.8042 155.7884  2.13101701  4818
