ISS (ZARYA)             
1 25544U 98067A   15195.79270138  .00017949  00000-0  26817-3 0  9995
2 25544  51.6457 306.1631 0001538 233.2108 275.5548 15.55095445952337
TIANGONG 1              
1 37820U 11053A   15195.81656682  .00024182  00000-0  26662-3 0  9995
2 37820  42.7659 109.9700 0013867 222.5079 239.2009 15.62488852217647
SPINSAT                 
1 40314U 98067FL  15195.12711733  .00021419  00000-0  24924-3 0  9999
2 40314  51.6419 305.7636 0005289 206.6652 153.4070 15.61636865 86877
PROGRESS-M 26M          
1 40392U 15008A   15168.23123306  .00014817  00000-0  21985-3 0  9992
2 40392  51.6461  83.8018 0004336  62.0674  99.5751 15.55445497948042
FLOCK 1B-27             
1 40422U 98067FN  15195.73115088  .00098633  00000-0  60747-3 0  9992
2 40422  51.6405 295.9723 0004961 204.6922 278.3856 15.76383492 30423
FLOCK 1B-28             
1 40423U 98067FP  15195.76602951  .00416577  00000-0  16549-2 0  9997
2 40423  51.6329 294.9140 0006865 296.6700  63.3569 15.85000653 30441
FLOCK 1B-21             
1 40427U 98067FQ  15195.78709388  .00090725  00000-0  56603-3 0  9994
2 40427  51.6384 295.5580 0002831 238.4612 268.8446 15.76133621 30466
FLOCK 1B-22             
1 40428U 98067FR  15195.85264069  .00154530  00000-0  96859-3 0  9997
2 40428  51.6386 296.1122 0003702 217.5638 233.8753 15.75786185 30463
FLOCK 1B-10             
1 40429U 98067FS  15195.68611319  .00341216  00000-0  16809-2 0  9998
2 40429  51.6441 296.3659 0004319 282.4908 221.5125 15.80620430 30417
FLOCK 1D-1              
1 40451U 98067FU  15195.71368027  .00099610  00000-0  60715-3 0  9996
2 40451  51.6393 296.5627 0006542 236.6187 275.2700 15.76602849 30420
FLOCK 1D-2              
1 40452U 98067FV  15195.74075322  .00065333  00000-0  59283-3 0  9996
2 40452  51.6432 300.5401 0006407 226.6826 287.0943 15.67364485 30375
FLOCK 1B-5              
1 40453U 98067FW  15195.77764005  .00256569  00000-0  13013-2 0  9996
2 40453  51.6382 297.0411 0001725 264.3085 223.1026 15.80219029 30411
FLOCK 1B-6              
1 40454U 98067FX  15195.80717744  .00088185  00000-0  60810-3 0  9994
2 40454  51.6401 296.5814 0006479 217.5026 224.2353 15.73819753 30429
GEARRS-1                
1 40456U 98067FZ  15195.70514104  .00074543  00000-0  54583-3 0  9993
2 40456  51.6431 298.3843 0004481 210.2052 149.8689 15.72496240 30409
MICROMAS                
1 40457U 98067GA  15195.79578131  .00448942  93660-4  10354-2 0  9996
2 40457  51.6280 290.5578 0009678 313.2906  46.7295 15.96578542 30495
FLOCK 1B-11             
1 40459U 98067GC  15195.74369980  .00240317  00000-0  14537-2 0  9998
2 40459  51.6363 296.8105 0004886 252.6644 233.5915 15.76325853 30437
FLOCK 1B-12             
1 40460U 98067GD  15195.75060993  .00111396  00000-0  80518-3 0  9990
2 40460  51.6418 298.3773 0003434 228.5781 262.1500 15.72638575 30410
SOYUZ-TMA 16M           
1 40542U 15016A   15168.23123306  .00014817  00000-0  21985-3 0  9998
2 40542  51.6461  83.8018 0004336  62.0674  99.5751 15.55445497948049
PROGRESS-M 28M          
1 40713U 15031A   15193.53434943  .00017057  00000-0  25600-3 0  9995
2 40713  51.6461 317.4386 0001620 223.5047 234.1822 15.55011117  1464
FLOCK 1E-GE             
1 40722U 98067GE  15195.72836177  .00065678  00000-0  93236-3 0  9995
2 40722  51.6457 306.4832 0004629 265.0826 245.7512 15.55790396   131
FLOCK 1E-GF             
1 40723U 98067GF  15195.78285824  .00106303  00000-0  14909-2 0  9999
2 40723  51.6442 306.2081 0004892 267.9159 188.6175 15.55902151    91
